1000
969
0 120 0.666
1 365 0.167
1 650 0.121
1 772 0.317
1 996 0.950
2 626 0.750
3 522 0.673
4 583 0.297
4 630 0.168
5 34 0.895
5 762 0.301
5 989 0.440
6 114 0.664
6 270 0.247
6 415 0.768
6 421 0.637
6 601 0.780
7 103 0.124
7 695 0.068
7 745 0.975
7 857 0.909
8 483 0.444
8 497 0.612
11 551 0.655
12 45 0.395
12 79 0.273
12 362 0.949
12 995 0.552
13 259 0.701
14 119 0.852
14 815 0.583
15 193 0.915
15 371 0.282
15 599 0.933
15 860 0.810
16 495 0.026
16 504 0.648
16 683 0.940
17 672 0.673
18 127 0.594
18 723 0.591
18 768 0.924
19 755 0.836
20 746 0.464
21 797 0.779
21 888 0.097
23 411 0.642
23 510 0.891
23 649 0.170
24 150 0.123
24 641 0.142
24 731 0.798
25 848 0.417
26 678 0.642
28 407 0.019
29 292 0.171
29 366 0.539
30 367 0.324
30 960 0.440
31 503 0.177
32 281 0.163
32 890 0.089
32 982 0.691
32 991 0.071
33 408 0.852
34 262 0.738
34 273 0.136
35 42 0.303
35 89 0.259
35 290 0.617
35 295 0.374
35 729 0.567
35 898 0.687
36 806 0.655
37 169 0.598
37 192 0.764
37 664 0.546
37 961 0.696
37 995 0.690
39 551 0.406
40 822 0.511
41 731 0.925
41 969 0.098
42 216 0.285
42 430 0.095
42 901 0.002
43 143 0.621
43 399 0.488
43 675 0.747
44 318 0.115
44 505 0.880
45 515 0.824
46 292 0.547
47 176 0.914
48 234 0.377
49 570 0.193
50 556 0.366
50 862 0.171
51 89 0.327
51 121 0.841
51 528 0.424
51 900 0.570
53 240 0.608
53 911 0.565
55 447 0.324
56 318 0.852
56 763 0.475
56 905 0.974
58 399 0.478
58 487 0.033
58 561 0.935
58 718 0.791
58 806 0.376
58 946 0.331
59 67 0.597
59 247 0.326
59 944 0.511
59 985 0.759
60 206 0.257
60 902 0.179
61 298 0.336
61 687 0.284
62 263 0.223
62 486 0.528
63 90 0.640
63 474 0.089
63 542 0.134
65 713 0.371
65 816 0.267
66 410 0.037
67 259 0.553
67 555 0.773
67 827 0.839
67 901 0.178
68 162 0.458
68 368 0.911
69 485 0.109
70 648 0.422
70 776 0.073
71 170 0.617
71 397 0.468
71 760 0.882
71 765 0.754
72 206 0.069
72 770 0.006
72 830 0.188
73 357 0.066
74 434 0.669
74 939 0.728
75 986 0.522
76 705 0.783
76 706 0.750
76 921 0.840
77 585 0.575
77 677 0.693
77 843 0.790
77 918 0.454
78 350 0.578
79 252 0.498
79 839 0.944
79 952 0.414
81 121 0.270
81 135 0.410
81 286 0.323
81 299 0.687
81 361 0.789
81 382 0.854
81 491 0.660
81 615 0.896
81 735 0.762
82 515 0.806
82 534 0.723
82 873 0.619
84 678 0.984
85 165 0.677
85 706 0.026
86 123 0.304
86 457 0.927
86 519 0.784
86 577 0.603
86 943 0.929
86 970 0.470
87 292 0.628
87 307 0.858
88 502 0.250
88 932 0.692
89 195 0.653
89 310 0.589
90 492 0.996
90 742 0.011
91 119 0.681
91 686 0.083
94 744 0.615
94 794 0.040
94 953 0.427
95 724 0.249
96 276 0.105
96 899 0.143
96 926 0.149
97 154 0.162
98 765 0.961
99 484 0.342
99 654 0.171
99 880 0.956
100 280 0.968
100 584 0.010
100 880 0.489
101 340 0.291
103 827 0.654
103 998 0.310
104 108 0.624
104 339 0.432
104 390 0.490
104 591 0.840
104 847 0.166
104 852 0.743
105 340 0.983
105 404 0.201
107 227 0.432
108 202 0.397
108 226 0.544
108 533 0.706
108 754 0.971
109 118 0.356
109 656 0.235
110 760 0.539
111 220 0.989
111 584 0.467
111 647 0.009
112 553 0.834
112 785 0.152
113 345 0.092
113 938 0.737
114 762 0.170
115 288 0.836
115 499 0.599
116 206 0.985
116 528 0.846
116 567 0.583
117 136 0.807
117 490 0.309
118 232 0.944
118 649 0.690
118 727 0.810
118 768 0.361
119 444 0.831
119 774 0.514
120 409 0.293
120 536 0.252
122 196 0.450
123 567 0.305
125 295 0.773
125 544 0.424
125 744 0.251
126 996 0.175
130 142 0.561
131 867 0.142
132 909 0.985
133 590 0.562
133 993 0.937
134 295 0.415
135 146 0.473
135 256 0.053
136 241 0.160
136 365 0.807
137 234 0.677
137 657 0.920
137 678 0.356
137 789 0.314
138 859 0.186
138 862 0.623
139 222 0.450
139 428 0.281
140 335 0.432
141 627 0.726
142 626 0.656
143 150 0.312
143 882 0.259
144 532 0.935
144 652 0.493
144 719 0.096
144 721 0.012
145 230 0.580
146 222 0.098
146 486 0.516
147 783 0.943
147 824 0.192
148 289 0.101
148 567 0.689
148 711 0.356
148 716 0.856
148 890 0.551
148 927 0.306
149 552 0.457
149 670 0.407
150 477 0.576
153 281 0.755
154 213 0.859
154 891 0.165
155 202 0.217
155 739 0.477
157 279 0.520
157 630 0.243
157 708 0.481
158 424 0.806
158 875 0.142
159 701 0.552
160 394 0.823
160 456 0.964
160 644 0.713
160 872 0.462
160 962 0.366
161 572 0.285
161 613 0.020
163 269 0.189
163 391 0.475
163 810 0.862
164 393 0.678
165 747 0.790
166 201 0.441
166 601 0.170
167 860 0.439
167 962 0.276
169 298 0.063
169 353 0.620
169 560 0.800
170 383 0.617
170 470 0.193
170 568 0.623
171 253 0.408
171 371 0.880
171 943 0.976
172 319 0.703
172 418 0.537
172 639 0.239
172 986 0.898
173 917 0.689
173 920 0.147
174 344 0.118
175 211 0.744
175 327 0.531
176 237 0.200
176 811 0.742
176 949 0.287
179 884 0.243
179 900 0.513
180 911 0.540
182 584 0.373
182 625 0.537
182 677 0.140
182 871 0.460
182 887 0.232
184 854 0.551
184 965 0.819
185 293 0.977
185 329 0.335
185 377 0.011
185 396 0.364
186 575 0.177
186 999 0.648
187 218 0.464
187 691 0.339
188 579 0.470
189 221 0.399
190 879 0.069
191 319 0.164
191 455 0.040
191 859 0.232
191 933 0.793
192 276 0.418
193 350 0.565
193 513 0.176
193 741 0.724
193 793 0.867
193 839 0.090
194 477 0.858
196 401 0.573
197 623 0.983
198 360 0.130
198 371 0.028
198 515 0.029
199 405 0.223
202 623 0.111
203 893 0.056
204 592 0.222
207 808 0.847
207 901 0.413
208 721 0.381
209 218 0.290
209 343 0.343
209 423 0.297
211 311 0.991
211 334 0.467
211 458 0.254
212 843 0.148
212 976 0.333
213 322 0.192
213 626 0.312
214 235 0.868
214 395 0.210
214 801 0.822
214 878 0.163
215 369 0.866
217 933 0.738
219 808 0.147
220 523 0.770
220 774 0.621
220 820 0.191
220 969 0.752
222 565 0.478
222 931 0.004
223 232 0.385
223 239 0.483
223 318 0.001
224 291 0.465
224 966 0.240
224 967 0.121
225 695 0.219
227 437 0.988
227 478 0.061
227 490 0.018
227 807 0.800
227 868 0.784
228 419 0.380
228 485 0.003
229 537 0.814
229 643 0.957
230 912 0.369
231 585 0.982
232 857 0.551
236 272 0.792
236 722 0.210
236 807 0.449
237 404 0.375
237 442 0.316
237 639 0.662
238 265 0.576
238 294 0.484
238 345 0.187
238 780 0.810
241 545 0.857
242 536 0.981
242 822 0.879
243 585 0.197
243 711 0.190
245 429 0.420
245 660 0.291
245 898 0.680
247 682 0.751
249 321 0.808
249 348 0.087
249 564 0.658
251 332 0.325
251 598 0.003
252 690 0.544
252 764 0.311
252 915 0.749
252 967 0.176
254 335 0.717
255 619 0.516
256 333 0.787
257 517 0.643
258 647 0.266
258 894 0.802
259 429 0.221
259 448 0.570
259 782 0.604
260 860 0.165
261 358 0.996
261 645 0.600
262 435 0.257
262 573 0.626
262 686 0.833
262 944 0.503
263 437 0.118
264 538 0.540
264 627 0.098
264 982 0.276
265 290 0.004
265 918 0.753
267 860 0.160
268 480 0.272
269 511 0.709
269 813 0.772
270 420 0.297
270 656 0.069
272 765 0.756
274 401 0.770
274 680 0.908
274 706 0.030
274 720 0.832
276 993 0.836
277 359 0.740
277 373 0.477
277 581 0.026
277 652 0.553
277 673 0.368
278 439 0.634
278 854 0.507
279 404 0.126
279 963 0.318
280 311 0.853
280 718 0.081
283 509 0.861
283 530 0.225
284 449 0.402
284 476 0.436
285 477 0.978
287 405 0.769
287 769 0.188
290 309 0.071
291 302 0.445
291 529 0.319
293 358 0.179
294 929 0.928
295 671 0.870
295 968 0.680
296 879 0.708
299 347 0.103
299 455 0.251
299 984 0.747
300 659 0.223
300 975 0.255
301 899 0.472
301 959 0.767
305 483 0.014
305 701 0.531
305 739 0.446
308 376 0.382
308 843 0.861
309 689 0.933
311 664 0.447
311 972 0.471
313 662 0.525
313 994 0.850
315 838 0.711
317 482 0.877
317 485 0.152
317 969 0.631
318 342 0.211
319 500 0.008
320 485 0.464
320 674 0.957
323 636 0.128
326 396 0.080
326 532 0.137
327 336 0.541
327 871 0.946
328 390 0.854
328 974 0.791
329 794 0.045
330 804 0.042
332 485 0.439
332 632 0.668
333 393 0.684
334 642 0.959
335 509 0.773
337 454 0.743
337 886 0.248
340 601 0.442
341 470 0.317
341 531 0.999
341 802 0.084
342 385 0.138
342 789 0.464
343 479 0.768
344 654 0.110
345 565 0.100
345 867 0.927
345 964 0.053
346 509 0.696
346 855 0.757
350 353 0.712
351 599 0.130
351 650 0.799
351 873 0.962
352 617 0.525
352 837 0.968
353 867 0.514
354 619 0.809
354 889 0.156
354 974 0.530
355 522 0.417
355 767 0.625
356 983 0.536
357 631 0.949
357 832 0.231
357 854 0.907
357 901 0.410
357 969 0.882
359 739 0.874
359 853 0.460
360 949 0.158
361 393 0.647
361 858 0.458
362 873 0.762
363 426 0.926
364 592 0.257
365 467 0.382
367 766 0.193
368 467 0.901
369 894 0.674
370 535 0.958
370 720 0.123
371 616 0.416
372 671 0.275
373 947 0.889
375 505 0.177
375 571 0.135
379 518 0.310
379 876 0.754
379 904 0.283
380 856 0.382
381 407 0.226
381 519 0.959
381 542 0.358
382 712 0.990
382 881 0.363
383 529 0.130
386 739 0.536
386 869 0.874
387 398 0.017
387 679 0.608
387 959 0.550
389 652 0.223
389 804 0.008
390 556 0.963
390 758 0.436
391 425 0.158
391 536 0.987
391 906 0.212
391 980 0.891
393 493 0.434
393 647 0.955
393 774 0.461
394 624 0.154
394 815 0.036
396 524 0.278
397 487 0.036
398 858 0.162
399 435 0.522
399 515 0.480
399 883 0.960
401 690 0.590
401 930 0.773
402 439 0.943
402 835 0.034
403 801 0.352
404 417 0.649
405 932 0.876
408 732 0.853
409 927 0.755
412 453 0.845
412 610 0.380
412 720 0.232
413 519 0.603
414 740 0.137
415 950 0.108
416 788 0.904
417 997 0.158
418 439 0.366
418 568 0.577
420 463 0.697
421 734 0.611
421 932 0.930
422 525 0.480
422 557 0.105
422 853 0.427
423 783 0.415
423 792 0.994
424 625 0.076
428 966 0.487
429 495 0.154
429 577 0.828
429 824 0.706
429 836 0.611
429 902 0.237
431 531 0.405
431 536 0.651
431 543 0.509
432 840 0.269
435 911 0.842
436 595 0.940
436 605 0.733
436 700 0.069
437 826 0.556
440 531 0.711
440 998 0.936
441 916 0.545
442 650 0.059
444 770 0.903
444 964 0.636
450 569 0.455
450 927 0.043
451 622 0.757
452 975 0.853
454 463 0.321
454 774 0.561
455 740 0.190
455 858 0.060
455 988 0.400
456 713 0.866
459 577 0.967
462 600 0.672
462 787 0.981
462 869 0.826
465 800 0.231
465 809 0.454
471 733 0.368
471 779 0.833
471 829 0.692
471 946 0.310
472 583 0.951
473 625 0.824
473 819 0.054
474 514 0.562
474 706 0.081
475 866 0.405
477 691 0.784
478 591 0.502
479 978 0.522
480 950 0.191
481 945 0.092
484 686 0.477
484 767 0.025
486 872 0.554
487 663 0.981
489 624 0.659
489 799 0.828
489 888 0.153
490 750 0.186
492 498 0.132
495 536 0.507
495 564 0.447
496 772 0.720
497 860 0.406
498 614 0.210
502 516 0.019
502 731 0.662
502 984 0.511
504 744 0.582
505 702 0.285
505 827 0.365
506 748 0.929
507 603 0.330
509 518 0.268
510 670 0.813
510 743 0.820
511 798 0.606
511 990 0.879
512 723 0.451
512 912 0.663
516 533 0.800
516 960 0.725
517 660 0.325
519 696 0.336
520 532 0.699
524 678 0.934
525 692 0.417
526 741 0.800
526 912 0.967
528 972 0.178
530 893 0.057
531 690 0.849
531 826 0.412
532 818 0.020
533 597 0.662
534 547 0.391
534 575 0.105
535 941 0.451
536 654 0.590
538 633 0.626
538 712 0.162
541 847 0.248
543 556 0.945
546 764 0.810
547 834 0.129
549 679 0.978
550 622 0.693
550 690 0.130
550 915 0.429
551 874 0.594
553 651 0.662
553 801 0.914
553 883 0.967
554 844 0.840
554 862 0.894
555 757 0.340
555 914 0.294
556 736 0.884
558 910 0.579
559 742 0.030
559 846 0.895
562 804 0.369
562 881 0.144
564 723 0.994
568 989 0.222
570 669 0.605
570 781 0.857
573 844 0.246
575 875 0.791
576 986 0.234
577 900 0.503
577 935 0.928
578 885 0.007
579 582 0.597
581 727 0.066
582 589 0.376
583 777 0.027
584 680 0.636
584 685 0.752
584 814 0.850
585 710 0.236
586 663 0.873
588 986 0.056
589 998 0.698
592 840 0.028
596 667 0.014
597 657 0.511
597 940 0.048
601 920 0.476
602 677 0.486
604 775 0.681
605 717 0.882
606 787 0.193
607 793 0.482
607 916 0.254
609 781 0.577
611 976 0.618
614 797 0.132
616 681 0.347
619 646 0.205
620 697 0.305
621 748 0.313
623 650 0.429
623 825 0.625
623 868 0.502
624 717 0.434
624 813 0.918
625 746 0.751
625 842 0.415
625 983 0.285
626 636 0.122
626 983 0.101
630 898 0.453
631 704 0.073
632 940 0.443
633 671 0.095
634 763 0.175
635 968 0.594
636 667 0.005
637 690 0.127
638 851 0.995
639 845 0.468
640 870 0.598
641 998 0.291
642 951 0.473
644 772 0.524
647 813 0.883
647 964 0.424
648 690 0.468
648 853 0.781
650 777 0.865
651 725 0.195
653 658 0.702
653 682 0.079
653 920 0.110
657 796 0.338
657 995 0.699
658 923 0.557
658 996 0.190
662 681 0.129
665 887 0.261
666 952 0.451
667 716 0.201
669 940 0.583
671 911 0.430
675 929 0.979
676 715 0.767
676 844 0.365
677 878 0.705
680 843 0.370
682 960 0.675
684 687 0.564
685 750 0.658
685 934 0.039
686 881 0.508
690 859 0.960
694 849 0.704
695 856 0.356
699 965 0.292
700 768 0.179
703 973 0.284
706 752 0.090
706 962 0.511
711 997 0.935
715 735 0.078
719 866 0.068
720 959 0.100
721 892 0.968
724 897 0.911
724 954 0.481
725 978 0.928
727 732 0.339
727 826 0.900
730 777 0.628
734 932 0.653
735 736 0.732
737 765 0.402
737 823 0.729
739 969 0.295
741 854 0.078
749 761 0.701
754 833 0.808
754 850 0.731
755 847 0.755
756 828 0.601
758 990 0.046
759 973 0.546
763 782 0.699
763 799 0.013
765 919 0.250
767 994 0.698
768 830 0.941
768 920 0.358
768 998 0.351
770 943 0.841
774 996 0.095
780 845 0.745
780 848 0.603
781 823 0.374
782 911 0.936
783 790 0.166
785 985 0.913
786 920 0.013
787 850 0.317
788 918 0.910
808 856 0.083
812 917 0.675
818 892 0.594
818 947 0.458
819 899 0.811
821 964 0.411
829 902 0.510
830 946 0.303
835 895 0.498
841 974 0.364
842 916 0.201
843 958 0.533
846 944 0.484
847 869 0.309
847 960 0.995
865 926 0.584
868 980 0.018
874 935 0.058
877 911 0.096
878 994 0.030
889 964 0.640
892 987 0.140
893 904 0.309
897 973 0.030
909 956 0.092
910 956 0.581
916 926 0.441
939 985 0.087
971 979 0.609
971 989 0.435
974 988 0.020
982 997 0.490
100
461 623
200 270
690 906
198 156
11 516
730 986
454 407
155 752
396 261
197 392
113 553
200 592
531 457
653 373
732 900
582 864
853 818
514 513
724 854
510 479
864 589
553 177
713 374
823 847
960 154
559 382
700 939
718 843
127 25
888 185
225 564
656 145
577 847
946 351
207 827
687 429
695 445
861 984
627 639
646 783
644 1
115 788
49 361
672 807
816 771
984 787
480 397
272 206
505 459
530 999
440 547
819 247
887 488
111 73
284 552
632 867
109 999
70 359
955 309
329 73
315 57
84 89
767 423
47 750
174 246
124 578
714 974
825 106
166 700
423 866
351 760
914 536
928 871
389 331
798 584
750 716
596 416
365 171
167 583
121 30
692 613
608 666
504 358
524 813
28 477
691 434
226 81
123 409
521 651
717 856
913 400
775 294
575 446
516 123
708 767
736 313
871 824
179 693
296 150
614 862
